M  56  124  0
M  68  241  1
M  65  194  0
F  73  199  0
F  59  204  0
F  60  221  1
F  69  217  0
M  67  252  0
M  54  170  0
F  56  202  0
M  65  162  0
F  60  236  0
M  58  234  0
M  55  192  0
M  58  190  0
F  55  133  0
F  58  181  1
F  63  194  0
F  54  191  0
F  61  210  0
F  62  239  0
F  68  228  0
F  63  227  0
F  64  214  0
M  66  204  0
F  57  186  0
M  72  185  0
F  61  324  0
F  60  223  0
F  62  202  0
M  66  168  0
F  66  220  0
F  70  240  0
M  56  157  0
F  65  167  0
M  68  169  0
F  68  212  0
M  65  206  0
M  67  220  0
M  71  199  0
F  57  196  0
M  69  226  1
M  69  219  1
F  68  166  0
M  69  192  0
F  61  190  0
F  66  240  0
M  63  206  1
F  58  174  0
F  70  225  0
F  54  237  0
M  70  194  0
M  68  176  0
F  59  223  0
F  61  225  0
F  58  185  0
F  61  215  0
F  57  260  0
F  69  247  0
M  67  214  1
M  55  191  1
M  67  189  0
F  60  164  0
F  65  245  1
M  66  260  0
F  62  227  0
F  73  190  0
F  61  206  0
M  54  153  0
M  57  198  0
M  68  218  0
F  64  275  0
F  58  169  0
F  61  381  0
F  66  212  0
M  71  189  0
F  63  181  0
F  62  160  0
M  71  145  0
F  57  251  0
F  60  261  0
M  64  182  0
M  54  230  0
F  69  190  0
M  55  212  0
M  65  204  0
F  65  165  0
M  54  205  0
M  56  181  0
M  70  167  0
M  62  203  0
F  56  220  0
F  62  280  0
M  62  265  0
F  54  244  0
M  66  162  0
F  57  238  0
M  60  162  0
M  61  210  0
F  57  178  0
M  60  180  0
M  57  193  0
F  62  157  0
F  58  218  0
M  58  245  1
F  73  223  0
M  61  209  0
M  65  169  0
F  71  245  0
M  54  220  0
F  55  185  0
F  71  210  1
M  59  265  0
F  58  199  0
F  58  202  0
F  62  172  0
F  67  223  1
F  58  168  0
F  71  204  0
M  68  135  0
F  55  190  0
M  67  208  0
F  57  189  0
M  73  222  0
M  70  149  0
M  73  153  0
M  71  182  0
F  54  257  0
F  60  207  0
F  56  148  0
F  59  234  0
F  71  181  0
M  59  189  0
M  68  266  1
M  68  144  0
M  68  203  1
F  59  225  0
F  63  282  0
F  64  168  0
F  64  263  0
M  69  234  1
F  59  178  0
M  69  176  0
F  60  209  0
M  69  196  0
F  67  208  0
M  59  191  0
M  59  232  0
M  62  179  0
F  54  168  0
M  67  145  0
F  56  214  0
M  68  230  0
F  55  162  0
M  69  212  0
M  58  205  0
F  56  194  0
F  65  173  0
F  72  152  1
F  59  139  0
M  57  198  0
F  58  182  0
F  58  214  0
F  70  249  0
M  69  193  0
M  61  210  0
M  59  209  1
F  55  145  0
F  65  233  0
F  68  190  0
F  68  182  0
F  64  197  0
F  55  159  0
M  61  190  0
M  67  257  0
M  57  166  0
F  66  205  0
F  71  228  0
M  62  193  0
M  59  168  0
M  67  114  0
F  61  230  0
M  70  196  1
F  55  164  0
M  59  228  0
F  64  177  1
F  71  161  0
F  57  165  0
M  61  199  0
M  69  215  0
F  70  192  0
F  66  250  0
F  65  233  0
F  59  196  0
F  64  202  0
F  62  170  0
M  53  265  0
M  68  200  0
F  57  214  0
F  63  186  0
F  73  169  0
M  59  121  0
F  64  194  0
F  63  180  0
F  69  158  0
F  55  209  0
F  66  218  0
M  64  166  0
M  57  187  0
F  57  268  1
M  59  151  0
M  70  191  0
M  59  198  0
M  73  214  1
F  67  211  0
F  66  200  0
F  57  184  0
M  55  214  0
F  54  151  1
M  56  246  0
F  56  159  0
F  70  211  0
F  57  204  0
F  68  219  0
M  68  250  1
F  60  224  0
M  72  146  0
M  58  200  0
M  68  196  0
F  68  289  0
M  56  273  0
M  54  215  0
F  65  212  0
F  62  244  1
F  60  210  0
M  72  187  1
F  70  259  0
F  62  205  0
M  56  153  0
F  54  168  0
M  58  208  0
M  56  167  0
F  69  185  0
M  57  183  0
F  59  213  0
M  65  207  0
M  65  204  0
F  64  177  0
F  65  219  0
F  56  199  0
F  63  218  0
M  68  197  0
M  57  247  0
M  70  232  0
F  57  197  0
M  58  185  1
M  62  197  0
F  57  158  0
M  71  189  0
M  57  175  0
F  56  187  0
F  66  216  0
F  57  235  0
F  55  236  0
F  57  222  0
M  73  198  0
M  53  220  0
F  72  206  0
M  57  254  0
F  73  179  0
F  69  185  0
F  56  241  0
M  59  167  0
F  71  188  0
F  61  218  0
F  67  220  0
M  62  164  0
F  54  182  0
M  60  180  0
F  56  181  0
F  63  189  0
F  54  150  0
M  60  235  0
M  56  158  0
F  67  198  0
F  68  188  0
F  64  204  0
F  63  161  0
M  73  159  0
F  67  200  0
M  72  177  1
F  69  161  0
F  73  237  0
F  60  180  0
F  57  234  0
M  71  195  0
F  68  226  0
F  68  154  0
M  62  159  0
F  67  183  0
M  63  180  0
F  69  221  0
M  61  139  0
F  62  202  0
M  63  253  0
F  72  183  0
M  65  168  0
M  65  161  0
M  71  208  0
M  60  133  0
M  59  220  0
F  59  220  0
F  70  244  0
M  61  170  0
F  69  273  0
M  70  242  1
F  60  162  0
M  73  169  0
M  71  166  0
M  68  252  0
M  72  161  0
M  64  192  0
M  62  198  0
M  68  155  0
F  55  175  0
M  65  215  1
M  56  217  1
M  60  187  0
F  70  225  0
F  69  213  0
F  55  213  0
F  62  282  0
M  64  212  0
M  67  312  0
M  55  254  0
F  69  195  0
F  69  298  0
M  73  132  0
F  54  157  0
F  61  233  0
F  57  240  0
F  72  261  0
M  63  208  0
M  54  192  0
F  56  257  0
F  68  228  0
F  73  239  0
M  54  132  0
M  58  186  0
M  68  178  0
F  58  172  1
F  60  185  0
M  58  150  0
F  61  188  0
F  57  160  0
F  63  223  0
F  62  190  0
M  60  177  0
M  61  142  0
F  56  236  0
M  72  194  0
F  54  163  0
M  69  215  0
M  61  172  0
M  69  187  0
M  68  168  0
M  63  212  0
F  73  189  1
F  71  182  0
M  55  139  0
F  64  285  0
F  67  182  0
F  60  267  0
F  59  175  0
F  57  258  0
F  71  199  0
M  70  162  0
M  68  208  0
F  71  225  0
M  60  143  0
F  57  211  0
F  55  201  0
M  73  201  1
F  61  210  0
F  61  157  0
F  54  247  0
F  58  264  0
M  63  204  0
M  65  144  0
M  58  156  1
F  69  210  0
F  64  208  0
F  69  190  0
M  61  194  0
F  66  200  0
M  59  197  0
F  68  161  0
F  60  216  0
F  62  250  0
M  72  203  0
F  71  246  0
F  56  147  0
M  66  203  0
F  63  230  0
F  64  234  0
F  62  269  0
M  54  208  0
M  67  187  0
F  57  198  0
F  58  114  0
F  55  203  0
F  71  185  0
F  57  242  0
M  62  278  0
F  61  204  0
F  65  295  0
F  65  247  0
F  62  228  0
F  60  213  0
F  62  161  0
M  61  253  0
F  60  193  0
M  60  209  0
F  54  162  0
F  68  215  0
M  68  208  0
M  64  186  0
M  74  186  1
M  64  174  0
M  72  268  1
M  68  188  0
M  71  196  0
M  71  188  0
M  56  124  0
F  62  176  0
F  71  208  0
M  69  189  0
F  72  184  0
F  73  194  0
M  71  247  0
F  58  226  0
M  58  184  0
F  62  213  0
M  57  163  0
M  60  190  0
F  64  205  0
F  69  195  0
F  66  292  0
M  69  206  0
F  68  155  0
F  69  101  0
F  57  249  0
F  66  226  0
F  61  214  0
F  66  239  0
F  55  201  0
F  58  224  0
M  57  164  0
M  70  163  0
F  63  215  0
F  67  208  0
F  57  170  0
M  70  209  0
M  61  197  0
F  59  178  0
M  55  235  0
M  72  189  0
F  62  199  1
F  70  177  0
F  69  198  0
F  61  214  0
M  68  250  0
F  66  163  0
M  61  198  0
F  70  161  0
M  65  200  1
M  58  192  0
M  58  179  0
F  55  158  0
M  70  131  0
F  63  176  0
M  58  205  0
F  69  172  0
M  55  168  0
M  55  139  0
F  62  169  0
M  71  160  0
F  65  236  0
F  58  149  0
F  56  197  0
F  61  205  0
M  64  254  1
F  63  209  0
F  59  192  0
F  54  177  0
M  69  174  0
M  60  215  0
M  67  265  0
F  54  287  1
M  60  195  0
